[Profile.png]
filters=finetune2=1,0.000000,0.000000,0.089825,00000000,-0.368421;warm=1;radsat=1,0.500000,0.500000,0.000000,0.000000;
moddate=000040c831d00000
width=506
height=495
textactive=0
backuphash=62665
[mouse.jpg]
rotate=rotate(2)
moddate=0000b13c32d00000
width=1190
height=790
textactive=0
[mouse.png]
moddate=00007b4b32d00000
width=941
height=240
textactive=0
rotate=rotate(1)
[mousefall.png]
filters=PicnikTint=1,0.000000,ffa4c9d6;dir_tint=1,0.500000,0.500000,0.250000,0.250000,ffffffff,0;
moddate=0000468832d00000
width=219
height=366
textactive=0
